0000000000000000000000000000000000000000000000000000000000000000000
0000000000000000000000000000000000000000000000000000000000000000000
0000000000000000000000000000000000000000000000000000000000000000000
0000000000000000000000000000000000000000000000000000000000000000000
0000000000000000000000000000000000000000000000000000000000000000000
0000000000000000000000000000000000000000000000000000000000000000000
0000000000000000000000000000000000000000000000000000000000000000000
0111111100001100001100000011011111110000000000000000000000000000000
0100000000010010001010000101010000000000000000000000000000000000000
0100011100100001001001001001011111000000000000000000000000000000000
0100000101111111101000110001010000000000000000000000000000000000000
0111111110000000011000000001011111110000000000000000000000000000000
